<?xml version='1.0' encoding='UTF-8'?>
<Times>
<Single>
 1.23268 1.45651 1.19305
 1.30282 1.15144 1.12867
 1.3732 1.15673 1.21762
 1.29148 1.15761 1.11217
 1.22465 1.04686 1.11701
 1.21644 1.13244 1.04575
 1.39757 1.15701 1.09933
</Single>
<Bid>
 0.273861 0.161811 0.180542
 0.282064 0.1625 0.186219
 0.256353 0.161198 0.186293
 0.212749 0.146704 0.185955
 0.195733 0.154318 0.171965
 0.140882 0.219778 0.293153
 0.218105 0.161522 0.239352
</Bid>
<Star>
 2.03447 1.68788 1.91408
 2.02579 1.89675 1.58444
 1.86526 1.94086 1.59701
 1.77355 1.68485 1.53123
 2.19663 2.02811 1.72206
 1.74781 1.63827 1.63207
 1.76138 2.04199 1.57091
</Star>
</Times>