<?xml version='1.0' encoding='UTF-8'?>
<Times>
<Single>
 1.62964 1.62944 1.48836
 1.56412 1.54703 1.91377
 1.46736 2.02523 1.82045
 1.88145 1.70687 2.06005
 2.2173 2.00585 1.79638
 2.13526 1.78699 1.92623
 1.91448 2.04309 1.9604
</Single>
<Bid>
 0.283043 0.216277 0.22848
 0.230691 0.185992 0.196493
 0.192426 0.173148 0.197993
 0.227851 0.189748 0.226677
 0.264712 0.330613 0.235057
 0.204561 0.2066 0.219411
 0.214316 0.206766 0.238594
</Bid>
<Star>
 2.22202 1.95125 2.05494
 2.58588 1.83679 2.36591
 1.98287 2.0697 1.91859
 2.67778 1.91498 2.57323
 2.34367 2.02082 2.86841
 1.95792 1.81541 2.03043
 2.06674 1.83942 2.14934
</Star>
</Times>