<?xml version='1.0' encoding='UTF-8'?>
<Times>
<Single>
 1.2137 1.01698 1.06632
 1.2969 1.01169 1.03571
 1.43882 1.16929 1.07699
 1.17184 1.11484 1.05178
 1.29582 1.03142 1.01335
 1.20653 1.01495 1.00667
 1.18598 0.997948 1.06375
</Single>
<Bid>
 0.153681 0.14446 0.161278
 0.220918 0.168121 0.208478
 0.249266 0.211428 0.350346
 0.350109 0.262719 0.228475
 0.413353 0.234025 0.22926
 0.198719 0.266882 0.173354
 0.240773 0.20055 0.184918
</Bid>
<Star>
 7.03861 5.86023 5.17304
 7.75289 7.47457 5.23632
 11.3525 9.92464 5.95162
 7.94753 10.5282 5.07574
 7.80808 7.36225 6.18306
 10.1371 16.3209 5.79086
 7.268 13.9724 80.501
</Star>
</Times>