<?xml version='1.0' encoding='UTF-8'?>
<Times>
<Single>
 0.300379 0.306868 0.296182
 0.34262 0.316232 0.312174
 0.341537 0.30731 0.305579
 0.358576 0.350464 0.352405
 0.400956 0.383516 0.378178
 0.457778 0.39761 0.407153
 0.459672 0.425368 0.418532
</Single>
<Bid>
 0.368508 0.311874 0.289424
 0.362689 0.307723 0.3151
 0.35875 0.303968 0.299693
 0.356452 0.267247 0.25846
 0.273155 0.273413 0.279548
 0.267768 0.30037 0.28644
 0.321844 0.27919 0.277163
</Bid>
<Star>
 0.625763 0.581542 0.627751
 0.706718 0.610158 0.602569
 0.603275 0.601969 0.605153
 0.598538 0.587847 0.590008
 0.596975 0.578402 0.655307
 0.683971 0.635596 0.640715
 0.59832 0.624081 0.63081
</Star>
</Times>