<?xml version='1.0' encoding='UTF-8'?>
<Times>
<Single>
 0.65352 0.696488 0.749048
 0.671975 0.736622 0.732478
 0.602641 0.688699 0.747346
 0.595075 0.723509 0.761147
 0.688684 0.734898 0.773804
 0.693513 0.707066 0.748879
 0.674095 0.743018 0.7563
</Single>
<Bid>
 0.592258 0.64137 0.620504
 0.628177 0.630823 0.627978
 0.578728 0.595174 0.647942
 0.58592 0.61241 0.649907
 0.573621 0.646736 0.642749
 0.612176 0.643728 0.66265
 0.595596 0.651244 0.647155
</Bid>
<Star>
 0.954958 1.0125 1.03601
 0.865425 0.942109 1.00745
 0.889079 0.946481 0.983052
 0.836707 0.960017 1.0487
 0.8769 0.934972 0.992
 0.806812 0.822217 0.930209
 0.795941 0.799557 0.900296
</Star>
</Times>