<?xml version='1.0' encoding='UTF-8'?>
<Times>
<Single>
 0.354493 0.320566 0.284248
 0.410478 0.265503 0.305549
 0.396838 0.311784 0.256756
 0.409845 0.332987 0.286724
 0.408066 0.276519 0.27098
 0.360678 0.305676 0.302736
 0.413986 0.305113 0.279805
</Single>
<Bid>
 0.303495 0.237386 0.218509
 0.317589 0.224643 0.211645
 0.286832 0.232204 0.229623
 0.278203 0.229826 0.223713
 0.272624 0.254987 0.22802
 0.291837 0.242551 0.247129
 0.30083 0.244314 0.239477
</Bid>
<Star>
 0.485605 0.521574 0.505953
 0.524021 0.494781 0.491384
 0.550782 0.480925 0.517275
 0.538352 0.475954 0.481445
 0.596375 0.534549 0.49821
 0.567088 0.545867 0.505211
 0.558583 0.472542 0.496749
</Star>
</Times>