<?xml version='1.0' encoding='UTF-8'?>
<Times>
<Single>
 0.115113 0.0340965 0.0497848
 0.0336533 0.0311284 0.0465315
 0.0306449 0.0306271 0.047847
 0.0288481 0.0326376 0.0410504
 0.0329813 0.0361137 0.0444594
 0.0316373 0.0307689 0.0504671
</Single>
<Bid>
 0.0168446 0.0164365 0.0201331
 0.015121 0.0168813 0.0277799
 0.0165412 0.0156578 0.0225473
 0.0152995 0.0236152 0.0509384
 0.0238048 0.0190558 0.0204823
 0.0163614 0.0191316 0.0317115
</Bid>
<Star>
 1.19382 1.70281 1.96715
 1.12416 1.51368 1.82835
 1.14098 1.62831 1.95362
 1.20344 1.53863 2.00048
 1.12422 1.54299 2.01607
 1.02729 1.54186 1.85606
</Star>
</Times>