<?xml version='1.0' encoding='UTF-8'?>
<Times>
<Single>
 0.0208707 0.0177888 0.0137983
 0.0204515 0.017084 0.0239012
 0.0167364 0.0190246 0.0228677
 0.0227362 0.0164006 0.0243113
 0.0203863 0.0163449 0.0201074
 0.0229629 0.0165961 0.0162658
</Single>
<Bid>
 0.00713283 0.00643041 0.00890704
 0.00997608 0.0069831 0.0104577
 0.00795139 0.00773253 0.00622063
 0.00986033 0.00773687 0.00946566
 0.0137884 0.00664453 0.0114892
 0.00823465 0.00644542 0.00891455
</Bid>
<Star>
 0.9615 0.935511 1.03823
 1.03489 0.994691 1.00915
 0.951354 0.917195 1.00434
 0.892855 1.01453 1.08681
 0.989739 0.966175 1.04798
 0.971471 0.964344 1.03643
</Star>
</Times>