<?xml version='1.0' encoding='UTF-8'?>
<Times>
<Single>
 0.024365 0.0208584 0.0366178
 0.0189922 0.0200351 0.0267413
 0.0203413 0.0214917 0.0297935
 0.018761 0.0220199 0.0337884
 0.0327893 0.0202255 0.0193576
 0.0265963 0.0265351 0.034234
</Single>
<Bid>
 0.0109313 0.0108768 0.0148859
 0.0131532 0.00836502 0.0161126
 0.0101021 0.00943801 0.0149878
 0.0112703 0.0101633 0.00784156
 0.014091 0.0110376 0.0117629
 0.0125515 0.0103391 0.00941035
</Bid>
<Star>
 0.625724 0.536654 0.491008
 0.595744 0.515306 0.444972
 0.554415 0.503416 0.489014
 0.551293 0.539879 0.50736
 0.53525 0.563398 0.53463
 0.571744 0.508727 0.502901
</Star>
</Times>