<?xml version='1.0' encoding='UTF-8'?>
<Times>
<Single>
 0.0357704 0.0297655 0.0461008
 0.0348096 0.0269609 0.0475859
 0.0365965 0.0290184 0.0449204
 0.0400118 0.0309262 0.0379041
 0.0347314 0.0318775 0.0460033
 0.0318305 0.0270629 0.0487474
</Single>
<Bid>
 0.00924087 0.008527 0.00560473
 0.0124531 0.0100721 0.0133108
 0.00920492 0.00821727 0.00633915
 0.0101274 0.00756463 0.00828324
 0.00652562 0.00915949 0.0161714
 0.00954467 0.00793717 0.0139125
</Bid>
<Star>
 13.7812 12.7041 14.1106
 14.947 15.212 11.7298
 13.4681 12.6683 13.1193
 13.6426 12.5815 14.4007
 13.7821 12.2726 12.1439
 13.1831 11.631 13.2386
</Star>
</Times>