<?xml version='1.0' encoding='UTF-8'?>
<Times>
<Single>
 0.0487391 0.0412728 0.0276511
 0.0417394 0.0330875 0.0357167
 0.0357649 0.028988 0.0379997
 0.0360442 0.0321746 0.0493897
 0.0392031 0.0317973 0.033899
 0.0372645 0.0347507 0.0323195
</Single>
<Bid>
 0.0126664 0.0116021 0.0133934
 0.00731021 0.00919346 0.00865183
 0.010315 0.00992117 0.0115796
 0.0128091 0.00856018 0.0116804
 0.00835238 0.0107267 0.01715
 0.0150257 0.0123413 0.0113813
</Bid>
<Star>
 7.75962 7.41467 6.85033
 7.06677 7.46344 7.00189
 8.37764 7.03492 7.29797
 6.98582 6.97929 6.93783
 7.31652 7.20265 7.46836
 7.57127 6.23242 7.21089
</Star>
</Times>