<?xml version='1.0' encoding='UTF-8'?>
<Times>
<Single>
 0.0562168 0.0528607 0.0649148
 0.0511086 0.045722 0.0683673
 0.0455462 0.0497275 0.0692795
 0.0511221 0.0470885 0.0665516
 0.0470581 0.0762796 0.0738681
 0.046377 0.0652412 0.0756008
</Single>
<Bid>
 0.0195413 0.0204642 0.0297354
 0.0173989 0.0187563 0.0252618
 0.0154899 0.0202425 0.0299555
 0.0193785 0.0206388 0.0292254
 0.0165937 0.0192825 0.0282425
 0.0184383 0.0241568 0.0260187
</Bid>
<Star>
 14.9311 18.0592 24.0234
 13.9475 22.4297 21.8209
 15.5206 19.8894 26.3272
 13.8628 20.6394 26.4607
 14.8454 22.7093 22.4763
 16.5166 22.2032 23.5833
</Star>
</Times>