 -1.000000 -1.000000 -1.000000 -1.000000 -1.000000 -1.000000
 1.000000 1.000000 1.000000 1.000000 1.000000 1.000000
 0.108630 0.120772 0.016932 0.121783 0.084315 0.013005
 0.278498 0.957167 0.792207 0.678735 0.706046 0.694829
 0.546882 0.485376 0.959492 0.757740 0.031833 0.317099
 0.957507 0.800280 0.655741 0.743132 0.276923 0.950222
 0.964889 0.141886 0.035712 0.392227 0.046171 0.034446
 0.157613 0.421761 0.849129 0.655478 0.097132 0.438744
 0.970593 0.915736 0.933993 0.171187 0.823458 0.381558
 -0.756379 -0.502537 0.266754 0.710339 0.511825 0.478049
 2.440819 8.544624 1.236559 -3.617698 -11.301967 -1.302978
 -1.317097 -0.987160 -0.354504 -0.132424 2.732348 0.971807
 1.210737 -0.742792 -0.985086 1.766603 1.437549 -0.946735
 0.041996 -5.920144 -1.657323 2.874687 6.694296 1.013771
 -1.343681 -3.702477 1.240184 0.203076 4.042068 0.389985